1 1466.9 1238.63
2 1971.1 1349.63
3 2453.82 1708.95
4 2744.28 1717.8
5 3072.2 1935.33
6 3378.45 1672.38
7 3757.07 1821.8
8 4143.3 1842.42
9 4463.35 1883.08
10 4864.13 1746.65
11 5154.45 1987.38
12 5549.1 1818.83
13 5912 1817.92
14 6363.3 2067.63
15 6663.32 2088.45
16 7087.8 1907.33
17 7365.13 1842.45
18 7808.3 1654.83
19 8119.57 1901.3
20 8437 1818.92
21 8727.35 1825.28
22 9063.95 1927.88
23 9405.27 1629.8
24 9710.92 1675.85
25 10063.4 1783.67
26 10493.6 1849.5
27 10887.8 1744.55
28 11233.5 1499.38
29 11614.8 2067.75
30 11946.4 2122.93
31 12295.6 1867.35
32 12653.6 1989.1
33 13062 1614.3
34 13344 2162.78
35 13683.8 1859.95
36 14124.4 1709.55
37 14486.7 1833.63
38 14866.5 1909.42
39 15245.7 1738.85
40 15571 1792.08
41 15946 1825.9
42 16236.1 1623.6
43 16523.9 1980
44 16904.7 1669.83
45 17240 1968.97
46 17494.5 1801.25
47 17880.7 2072.78
48 18198 1922.15
49 18579.8 1860.38
50 18921.8 2218.13
51 19272.6 1959.7
52 19564 2176.18
53 19996.6 1819.92
54 20390.7 1907.45
55 20693.1 1849.2
56 21077.5 1679.2
57 21397.6 1993.55
58 21739.3 2019.08
59 22071.8 1975.88
60 22465.9 1906.05
61 22829.6 1992.13
62 23163.6 2010.55
63 23490.4 2058.13
64 23811.5 2009.25
65 24234.5 1881.6
66 24548.4 1861.5
67 24844.1 1932.22
68 25111.1 1856.05
69 25511.8 1566.97
70 25844.3 1832
71 26160.5 1826.4
72 26450.5 1927.05
73 26847.6 1697.3
74 27219 2184.47
75 27526.4 1643.33
76 27858.8 1773.97
77 28179 1706.1
78 28507.3 1659.58
79 28845.4 1727.5
80 29152.7 1827.05
81 29488.7 1824.78
82 29846.1 1597
83 30157 1582.28
84 30515 1762.67
85 30894.3 1728.4
86 31273.9 1768.85
87 31666.8 2090.1
88 31986 1958.3
89 32392.3 2123.25
90 32774 1955.7
91 33006.3 1770.67
92 33281.1 1995.45
93 33692.3 1967.85
94 34079.6 1767.35
95 34401.9 2053.6
96 34707.8 2031.38
97 35081.4 2037.5
98 35403.4 1686.17
99 35777.9 1669.28
100 36195.1 1787.2
