1 1825.25 1423.3
2 2321.2 1512.25
3 2927.35 1717.8
4 3324.85 1787.1
5 3842.55 1788.2
6 4253 2077.85
7 4671.35 1885
8 5092.7 1831.35
9 5579.65 2078.1
10 5967.55 2170.8
11 6381.7 2366.75
12 6830.45 2239.5
13 7274.6 2104.45
14 7669.8 2414.85
15 8100.45 2281.5
16 8569.8 2042.65
17 9066.8 2352.45
18 9448.75 2565.2
19 9873.05 2147.3
20 10311.7 2404.55
21 10837.6 2180.65
22 11273.5 1901.2
23 11705.4 1904.2
24 12156.5 1998.95
25 12555.5 2236.5
26 13000 2285.05
27 13419.4 1906.6
28 13827 2204.05
29 14236.5 1709
30 14698.4 1932.65
31 15172.1 2072.4
32 15593.1 2037.4
33 16077.3 1753.75
34 16556.4 2076.05
35 17033 2009.25
36 17490.5 2191.9
37 17934 2306.45
38 18418.4 2301.85
39 18965.3 2066.35
40 19381.1 1906.55
41 19764 1963.9
42 20209.5 2269.5
43 20729.4 2119.45
44 21129.7 2149.3
45 21599 2617.8
46 22230.5 2255.5
47 22666.8 2478.3
48 23130.5 2243.6
49 23662 2354.6
50 24058.8 2425.85
51 24543.3 2080.8
52 24901.7 1963.3
53 25390.5 2244.8
54 25831.2 1928.45
55 26284.6 2235.45
56 26724.2 2369.2
57 27119 2349.65
58 27657.3 1789.3
59 28161.5 1826.6
60 28572.8 2120.65
61 28970.3 1970.4
62 29445.3 2265.8
63 29866 2419.8
64 30263.2 2433.85
65 30849.6 1785.05
66 31246.2 2602.4
67 31621.3 2410.7
68 32109.5 2303
69 32424 2020.7
70 32887.5 2113.55
71 33437.8 2153
72 33816.3 2254.5
73 34209.8 2200.65
74 34645.7 1952.3
75 35140.4 2478.05
76 35521.3 2224.3
77 35960.1 2182.5
78 36552.7 2302.9
79 36915.4 2250.65
80 37378.1 2632.35
81 37910.3 1993.5
82 38392.1 2110.75
83 38835.8 2304.3
84 39305.3 2349.6
85 39716.3 2126.15
86 40150.9 2149.75
87 40638.8 2436.9
88 41078.3 2436.5
89 41474.4 2087.1
90 41944.7 2120.7
91 42441.6 2342.4
92 42936.4 1993.7
93 43452.8 1821.5
94 43905 2201.25
95 44331.8 2209.65
96 44776.6 2120.6
97 45186 2184.05
98 45665.6 2419.6
99 46104.3 2156.95
100 46573.9 1989.75
