1 1358.5 1089.63
2 1806.63 1407.75
3 2452.5 1625.63
4 2658.5 1582.63
5 3007.5 1717.63
6 3366.13 1740.25
7 3640.88 1717
8 4066 1741.13
9 4689.25 2094.38
10 4885.88 1860
11 5210.75 1727.88
12 5502.75 1838.88
13 5943 2534.13
14 6248.13 2037.25
15 6725.38 1442.5
16 7048.38 1920.5
17 7449.75 1757.88
18 7755.13 2306.25
19 8328.88 1886
20 8590.25 1995.38
21 8972.88 1501
22 9343.5 2214.63
23 9743.38 1341.5
24 9994.5 2377.63
25 10280.9 2197
26 10614 1600.13
27 11000.9 2362
28 11321.9 1496
29 11767.3 2294.38
30 12224.6 2299.75
31 12465.5 2483.63
32 12833.8 2265.88
33 13319.8 1657.88
34 13617.4 1635.5
35 14061.1 1799.25
36 14418.6 2196.75
37 14890.4 1648.5
38 15112 1813.13
39 15522.1 2178.25
40 15777.5 1533.63
41 16085.9 1653
42 16433.4 1634.5
43 16976.1 1625.25
44 17333.3 2166.38
45 17830.8 2113.88
46 18019.6 1959.75
47 18362.6 2271.75
48 18599.5 1486.63
49 19044.9 1565
50 19565.4 1299.5
51 19929.8 2117.88
52 20216 1327.13
53 20591.8 2080.88
54 20968 1552.13
55 21220.5 1985.63
56 21748.4 1955.5
57 21976 1530.13
58 22269.4 1834.5
59 22580.6 1436.75
60 22829.1 1932.25
61 23238.5 1423.63
62 23742.9 2070
63 24071.9 1635
64 24480.8 1572.88
65 24716.9 1795
66 25075.5 1724.63
67 25537.6 2099.75
68 25896.1 1676.25
69 26187.9 1920
70 26557.6 2048.75
71 26824.6 1361.75
72 27133.8 2140.88
73 27427.8 1792.88
74 27731.4 1722.5
75 28109.5 1663.63
76 28595.1 1766.25
77 28722.3 1687.38
78 29081.4 2527.5
79 29605.3 1530.38
80 29888.4 1764.5
81 30248.8 1845.88
82 30609.4 1390.5
83 30980 1960.13
84 31519.4 1444.5
85 31803.8 1254.88
86 32056.9 1915
87 32313.5 2080.63
88 32604.6 1247.75
89 32889.3 1150.38
90 33085.1 1357.25
91 33358.6 1494.75
92 33637.8 1660.88
93 34139.4 1519.5
94 34584.6 1792.75
95 35099 2117.13
96 35574.1 1795.25
97 35962 1904.13
98 36508.1 1463.25
99 36998.4 1576.5
100 37263.8 1888.88
