1 1876 1489.25
2 2521.5 1671.75
3 3047.75 1842
4 3556.75 2126
5 4126.75 2740
6 4512.5 2568.75
7 4963.75 2256
8 5498.5 2458.75
9 5815.5 2339.75
10 6504.75 2061
11 7015 2818.25
12 7454.75 2193
13 7950.75 2152
14 8379 2949.25
15 9086.25 2063.5
16 9402.25 1623.5
17 9773.75 2129
18 10039 2037.25
19 10631.8 1931
20 11239.3 1479.5
21 11676.8 2855
22 12222.5 1928.75
23 12885.8 2193
24 13429.3 2013.5
25 13805.5 2128.75
26 14375 3136.25
27 14931 2091.25
28 15321.3 1782.5
29 15849.3 1936.5
30 16176.5 2055.75
31 16799.3 2238.5
32 17128.8 2488
33 17616.8 2031
34 17990.8 2263
35 18256.3 1895.5
36 19016.3 2153.5
37 19486 1819.25
38 19841.8 1955
39 20279.8 1659
40 20711 2226.25
41 21150.5 2099.75
42 21518 2048.25
43 21916.8 2042
44 22332 2249.25
45 22689.5 2186.75
46 23027.5 4653.75
47 23472.3 1775.5
48 24087 2357.25
49 24315.5 1717.75
50 24863.5 2069.75
51 25263.5 2016.75
52 25742.8 1810
53 26407.5 1952.75
54 26590 2493.25
55 27253.8 1801
56 27779.3 2186.5
57 28075.8 2518
58 28504.3 1281.5
59 28986.5 2881.75
60 29434 2254.25
61 29808 2569.25
62 30282.3 2183.5
63 30538.3 1495.5
64 30933.5 2452.75
65 31409.8 1894
66 31836.8 2559
67 32342.3 1488.5
68 32712.3 1717.5
69 33037 1484.25
70 33495.8 1945
71 33915.3 1589.5
72 34441.3 1724.5
73 34873 1406.25
74 35398.8 2218
75 35753 2321.25
76 36216 1762.25
77 36715 2627.25
78 37187.3 2123.5
79 37592.3 1873.5
80 38160.3 1976.5
81 38492 1789.25
82 38826 1865.25
83 39094.8 1718
84 39571 1609.25
85 40133 1879.25
86 40608.3 1403.5
87 41036.5 1642.75
88 41524.3 1944.5
89 42054.8 2122
90 42475.5 1498.75
91 42871 2268.25
92 43228.5 2707.75
93 43737.8 1746
94 44177.8 1721
95 44578.5 2254.75
96 45053 2176.25
97 45634.3 2407.5
98 46045.3 1878.5
99 46374.8 1893
100 46785.5 1735.75
