40 112.15 537.86
60 163.105 698.22
80 210.12 985.96
100 294.105 1401.98
120 338.77 1726.4
140 413.665 2101.61
160 469.8 2288.4
180 550.995 2515.18
200 632.39 2704.44
220 734.825 3714.92
240 838.32 3740.42
260 1031.06 5282.25
280 1187.37 5807.96
300 1401.92 7936.14
320 1730.92 9321.42
340 2090.22 8464.74
360 2503.27 13240.2
380 3319.78 18278.2
400 4173.74 15224.7
420 5027.99 25174
440 6465.53 41768.2
460 8061.05 56155.2
480 10553 59207.9
500 14286.3 49856.1
520 16645.7 74151.6
540 21052.6 60655.9
560 27322.4 103573
580 35714.3 86741.7
600 44642.9 124465
620 61349.7 153459
640 68965.5 479833
660 99009.9 225776
680 128205 454850
700 172414 608470
720 212766 370201
740 303030 637720
760 357143 606303
